1 0.534262782423449 -0.119388109329261 -0.122312009462589 0.192240903681371 -0.152926397055012 -0.131095600376526 -0.0864921521277685 0.204512009482346 0.103856361477181 -0.0973740784581101 0.0139719382668205 0.0173259215031341 -0.17599381692198 0.363533174863306 -0.0247323424668981 0.1028135552802 -0.0409835908715727 -0.116356123698643 -0.247926634866656 0.103859571902349 0.362453269935741 0.32166420924713 0.0340844232870283 -0.11833757426465 0.0267337693807624 0.217832342406313 -0.0190890606849968 0.203990487590023 0.00899964328038943 0.0948191439793125 0.143983828889074 0.127593579054716 -0.141572651512072 0.0659357906981124 -0.0662887039439391 -0.108294411470047 -0.117775980987419 0.075021878700703 0.0553966706278364 0.0298598098253881 -0.0812256836542967 -0.0705614744151119 0.0730273483745745 -0.175052556396246 0.13774458977565 0.111305112980801 0.00869024973499368 -0.0305514863522251 0.061857788305999 0.0342413793725499 0.0747458977243722 -0.0875164090627914 0.211834126028925 0.524014982175689 -0.0630671819480303 0.41713353151002 0.004194530333642 0.0390225921277887 -0.00761200953474368 -0.0114677765028329 -0.0946109394045361 0.322476456704469 0.212074316318581 0.136021521970865 0.305382520788894 -0.000606183018488142 -0.11039916768564 -0.0661741972857887 0.158041854981764 0.163489536260666 0.125632936953113 -0.113210582650864 -0.00206123667120402 -0.0693107014632577 0.31590606427502 0.233992508983224 0.296745897801159 0.136657312708219 -0.153180737165971 -0.142460285394925 0.0076429251832296 0.114643162889539 -0.0560179548369967 0.227683709857069 0.14680392386898 0.21036087989107 -0.0901219975405823 -0.0307656361589311 -0.148583234268775 0.1920306777538 0.236381212833458 -0.221164565966458 0.270010701547951 0.0700650415862667 -0.101576337716789 -0.124071105852752 0.0730935790396592 0.140499999966811 0.022061950057647 -0.00534958383550588
2 -0.119388109329261 1.28912461347902 0.0802055884317124 -0.254124018989103 0.222094530065303 0.0763618308687217 0.209079072342546 -0.161684898815657 0.0757014268983848 0.198488347148288 0.162196670392416 0.240174554178593 0.250419143954203 -0.671516052479147 -0.0518953626288569 -0.18394304395808 0.214594173373215 0.329386444806154 0.179927348110308 -0.551024375675701 -0.0587926277897017 -0.174557431493892 0.137787514933277 -0.0232354341737815 -0.420211890792713 0.160247086983358 0.0770351963099008 -0.0277493461656719 -0.0634818073722286 0.100499524139015 -0.361595957490357 -0.208451842985488 -0.127553389113779 -0.123925326915818 -0.0688864446790849 0.347821878866061 0.0189888228351013 -0.00981581444936443 0.0821560047838791 -0.128502021604458 0.123334006980416 0.0600593340616843 0.164163852642888 0.0614424492071681 -0.165070630187794 -0.178553864488909 -0.343571700471458 -0.551819024960705 -0.0363609986911932 -0.670165517459031 -0.224568370946663 -0.103580380462905 -0.259578359038344 -0.332891676507818 -0.103028894141951 -0.271465279351575 -0.126193460210323 -0.37866944110367 0.0996331748577197 0.0165014269925559 -0.0600076098950512 -0.186726872983873 0.0780581450506635 -0.167670035583972 -0.146067181813114 0.0793705110498146 -0.0336286563183735 0.0193392387293303 -0.139807015555423 -0.197804280581701 -0.430355647977769 0.0290224732500989 0.377557550696234 0.0882112958512179 -0.160319619609824 -0.469497265317915 -0.360120095243602 -0.224878121233072 -0.221265160717095 0.100336623095386 0.025134958140875 -0.279363376899445 0.0750984542701892 -0.268748513611531 -0.288917360194831 0.249670987032009 0.0899011888339872 -0.200952556476864 -0.0340378121059485 -0.053330083163646 -0.0231073720977717 0.702054934544118 -0.24599750293484 0.402086325938662 -0.13149988106973 0.404860879981433 -0.0940552912245931 -0.150055172306331 -0.136487039241701 -0.0922781212765886
3 -0.122312009462589 0.0802055884317124 1.16493032102552 -0.128756361437938 0.133123662094422 0.477098929653188 0.100264446925659 0.0908834721708702 -0.0678349583742636 -0.213924851449502 0.271440190069588 -0.0652662306402947 0.192501664747149 0.0994984541516097 0.0572605232242225 0.0878718193153897 0.0733789534304361 0.19212520815771 -0.0727424497168118 -0.248259690770559 0.328850416234657 -0.343598097412171 -0.409095838280005 0.294509512379247 0.284480974937368 -0.422595005849584 0.0997618312502865 0.110579666954447 -0.027102615931144 0.165959928471887 -0.109054221388881 0.155394292587126 0.231882163885532 -0.096888109331554 0.0458437574652944 0.164160523297624 0.0188497027393368 0.0269891795979323 -0.00914625444367763 -0.0955487516491682 0.035208204387156 -0.0339312723550073 0.083778715880058 0.117154815492424 -0.088279904859157 0.279135196201043 0.0334549345379056 -0.130702853707772 0.0797272295963526 0.215613792998272 0.0567871582003699 0.129252080905934 -0.19479571933304 -0.181255647974601 0.0660923900517577 -0.182274791847626 -0.0443343638827082 -0.186453864404887 0.0972268728255335 0.379175386576588 -0.198854934540182 0.0785997620361765 0.0549633769194456 0.0336589774952908 -0.345366111701098 0.132922473052415 -0.181820332916521 0.0853007132219678 -0.0683022592903053 -0.0509709868802126 -0.0994917954089514 0.0188890606448705 -0.176303091472264 0.00653531491212498 0.0379168845882035 -0.201248038160857 0.1127871580868 -0.0170084422733681 0.195948156833844 0.0717579072747879 0.0819021401182418 -0.00789726511319696 -0.0331328180427587 0.23586789545647 0.0670529133006585 0.057286682597842 0.361850178202106 -0.00198133172983497 -0.0323632580083372 0.0186008324056822 -0.111081450599119 -0.247701070278572 0.0016474435693772 -0.494446016613756 0.0716470868379486 0.27674292514647 -0.0858470867248775 -0.155072413708876 -0.00221236622261262 -0.063142925081885
4 0.192240903681371 -0.254124018989103 -0.128756361437938 0.417361236644353 -0.0377548156154939 -0.144143162826652 -0.17825350768225 -0.0446677764999544 -0.0592203329481534 -0.163318430432335 -0.150169797797329 0.0250643281668735 0.0372177169906783 0.173322711103984 -0.093842806203924 0.198539239003436 -0.0590730082534377 -0.0858189060923824 -0.0615121283332036 -0.0436535077691342 0.145144946493911 0.196536504134419 -0.0463884661333889 0.00793079672110699 0.188921165341596 0.260642806157268 -0.122204994098772 0.0601247325113004 0.0610864447126483 0.152296432906894 0.21743032114624 0.0167594530100477 -0.143105588514182 0.120532461340427 0.0751464922672813 0.0250123661975305 -0.0892700356812548 0.00793139118413173 0.0273148632545893 0.106514149888913 -0.186841498183967 0.157708799084806 0.0530875148468228 0.0632442331415465 0.150004756247673 0.197656361500637 0.119557074946994 0.0453883471913535 0.148523543377482 0.0571068966038047 0.0723820451725525 0.0593212841770991 0.217024375738703 0.240076218779845 -0.094846016668308 0.348832818075402 0.0944818073907525 0.0134033293488212 -0.0392598097710581 -0.0901479191881326 0.0873498216192946 -0.0399360284820339 -0.0541035671803484 0.0186626634662519 0.269435790712364 -0.0321590962402165 -0.0652890606622447 0.145456361570916 0.172721522039452 0.112250653977231 0.0637309155521997 -0.0838986920415809 0.0509592151868261 0.0162105827117621 0.0573580261932006 0.139439476860671 0.227578596955549 0.20355719381422 0.0512147444091163 -0.141763258045021 -0.000527467226989299 0.125309155760886 -0.0589684899112305 0.161991319845982 0.0736387633482591 0.0440237811903515 0.0140192628548261 0.0415678953597894 0.0675715814492647 0.383541617135794 0.00784815693243656 -0.0468569559717457 0.178020451841389 -0.0311422116853993 -0.102162901328678 -0.0337261593489073 -0.0954370987325287 0.292155172404582 0.0830747919191488 -0.0315600475703342
5 -0.152926397055012 0.222094530065303 0.133123662094422 -0.0377548156154939 0.260680142325022 0.209882044796043 0.105147562142172 -0.180851248349764 -0.0107026159085974 0.112082282900546 0.102065873615357 -0.0482246134848031 -0.0279494648495197 -0.117779191585657 -0.0297343638000878 -0.0630084422602804 0.0646825204652987 -0.0134510106099886 0.173023424089536 -0.155948989146161 -0.090439952390373 -0.222551605040927 -0.0443546967140052 0.0729143874107256 0.046453983152513 -0.100382877303008 -0.0281047560947486 0.0799864445115364 -0.0119143876265927 0.181177883144926 0.0472259211595635 -0.111214149722838 0.187491557297184 -0.0549725325819485 0.0723165280002129 -0.0148791912759922 0.00929405470234359 -0.0801405468942256 0.041481807403891 0.0293318665633982 0.0682365039366464 0.0481090367675204 -0.0497774077533464 0.110106658381514 -0.0905222354007148 0.0759556480103 -0.0468530322241517 -0.0491743162085983 -0.0154105824689558 0.00945172392293123 -0.0948016646079361 0.0162657551197377 -0.0518350771785424 -0.236168133058529 -0.077065992815064 -0.202530320921073 -0.116597621934384 -0.0989979785034091 -0.041362544514818 -0.0687405468090868 -0.0293573125876987 -0.0100944116896029 -0.0761910820832713 -0.0939825206724914 -0.151022235270774 0.113646016302805 -0.0488480379898543 0.171165992499151 -0.0483520809787448 -0.0877852555790429 -0.103946254327735 0.017157074914152 0.0227105828173638 0.179502853436435 -0.0897623069176791 -0.0598331749556739 -0.158932699301173 -0.0687895361717133 0.13458038027019 0.0050891795740015 0.0691807368824676 -0.0815625445147892 0.0499574316923603 -0.101869678840173 -0.0658072531114239 -0.0718042805018892 0.0823380496195713 -0.0596404280360332 -0.0294720570417864 -0.0405730082215137 -0.105646254356553 0.179771700200612 -0.16848216402095 -0.0147410224563798 -0.0272582639228453 0.0906998811561204 -0.145827942793253 -0.132820689497667 -0.02735422115363 -0.0260447086598057
6 -0.131095600376526 0.0763618308687217 0.477098929653188 -0.144143162826652 0.209882044796043 0.787300118549908 0.17974839447557 -0.0106506537934596 0.0697441141836437 -0.0630872771693834 0.137191319497008 -0.168845897677563 0.0399369798697242 0.140937336374234 0.109902853814216 -0.170154340006995 0.0796080852513541 0.111034363960949 0.120772532266014 -0.16436884645052 0.227606658819863 -0.255366111572235 -0.0916747918389505 0.139269440912107 0.224768014073672 -0.299016646631196 0.277806540018467 -0.0151873961745427 -0.0198521997553049 0.127027823667908 -0.221615814914459 -0.166346492171512 0.308287038856758 0.0322971463866251 0.153138050008228 -0.21907645644678 0.0394090368695323 -0.0610282995633546 0.00263234247903935 0.00438204490563225 0.0371692030886772 -0.0623727706204484 -0.0584715813515835 -0.072619500990059 -0.207588822805423 0.0838803804704885 -0.0941796671933114 0.164906064315732 -0.145360879736935 0.18363793082408 0.0182634959306303 0.106047086879676 -0.34887978588039 -0.291611058145342 -0.20752865632004 -0.242931153259415 -0.181111890670626 -0.0307756241512616 -0.160494173534814 0.227661355724972 -0.170506539704031 0.0153548154083737 0.197107134349858 -0.274783947554373 -0.38790606405866 0.13573543364572 -0.0567149821011991 0.175383828388198 -0.275294768283683 -0.0146047561624306 -0.27251700344411 0.0476732461418579 -0.375083947531592 -0.0061418552791039 0.0796253268604113 0.0918175979393822 -0.0309916767034482 -0.0289178358056875 0.178891200712948 -0.0552010701330313 -0.00499334162126832 0.00958168855423016 -0.0304768132585058 0.192538050088528 -0.321329250748381 -0.251368251974621 0.37409250860648 -0.0303151010398665 -0.0606466111450183 -0.133241854835637 -0.183344589672822 -0.0727516054212904 -0.235802972583861 -0.195650059326807 -0.00597764560649633 0.229214387711964 -0.228243043863199 -0.17443793087158 -0.0154495838152224 -0.0662454220987339
7 -0.0864921521277685 0.209079072342546 0.100264446925659 -0.17825350768225 0.105147562142172 0.17974839447557 0.281120808365189 0.074090725471254 -0.0504386444560382 -0.000921759890591542 0.125798216152509 -0.0298596907901331 -0.00755612360550246 0.0169683708855302 -0.0107247324204415 -0.115850891748595 0.0617873956980249 -0.0861759809127512 0.14680356687611 -0.0304653982115117 0.0349204518886149 -0.0899833529987428 0.0931596909134885 -0.0303684900702507 -0.00509750312864378 -0.229171819107507 0.117451367544955 0.0763126038947449 -0.0539108204506333 0.00191403065465587 -0.0562296078935849 0.0257604043659516 0.174045659649297 -0.108964922628492 -0.0805998810632625 -0.0710626633780145 0.0357159334195222 0.0611958383551415 -0.078698692019631 0.0149992863643446 0.227327823864874 -0.0561900119701659 0.0414939358698476 0.0342253267154152 -0.11334399522272 -0.0908230678115111 0.0578582638896215 -0.139204280566084 -0.176926397032323 0.0249724136317033 -0.104015814451191 -0.0151322234957566 -0.220669441074869 -0.158028299553102 -0.0154631390776793 -0.248972532613122 0.055167419709731 -0.059592865563765 -0.0800321045850719 0.0695682522127989 -0.0748272293910739 0.165589298262263 0.0889174791763919 -0.0297804992983422 -0.156750891675649 0.122252675128883 -0.0292770510832982 0.0306596905568915 -0.125370630303518 -0.0538254458442029 -0.0834307965715129 0.0314663495880972 -0.0879873958323718 0.0489477999951213 0.0955667062112456 0.0349279428084532 -0.0292296077026449 -0.114038525498858 0.127704993883251 0.0465541022828467 0.0252342446897212 0.0479609988781788 0.124750772945663 0.00681736037936436 -0.0753085611188001 -0.0890337692371897 0.11440630178284 -0.0499116527751656 -0.0120500594269347 -0.184334958320066 -0.0304583827951492 0.0525897739521648 -0.0713512484556933 -0.0362845421110355 0.0377775267962569 0.0605764566456792 -0.140825802518784 -0.159593103334357 -0.0723530321006704 -0.0127833531349266
8 0.204512009482346 -0.161684898815657 0.0908834721708702 -0.0446677764999544 -0.180851248349764 -0.0106506537934596 0.074090725471254 0.67459238999088 -0.0396443519777724 -0.0798441141075494 0.0710667064742613 0.0182351961616233 -0.182832699220383 0.186487752756502 0.0317946492042532 -0.151875267588634 -0.113747918991171 -0.168676932282883 -0.111074791727713 0.152711414918444 0.426384066601553 0.146491200865924 0.0589889417043031 -0.26591640895439 0.217684542328103 -0.11573947693334 0.113938168786969 0.095127229593438 -0.0792973840779531 -0.0662668250533036 -0.0317112959074567 0.160564328144757 -0.0265269914966548 -0.0204532699759594 -0.141178240227179 -0.0288881094731075 0.00432615933234528 0.10593151007901 -0.0597813317665669 -0.0188615932192683 0.235626278370725 -0.1671859690544 0.310017835892499 -0.24798240175352 0.0244799048578866 -0.160211058262754 0.12281747925687 0.145906301994858 -0.194254815794491 0.110344827697614 0.0816197383741698 0.0858651605010239 -0.135987039305769 0.328810820418053 0.0593972651390683 0.249823067732471 0.158451605267714 0.0699504161297159 -0.0238510107406883 0.161790130734609 -0.223348513759839 0.191669203475481 0.230205588621194 0.327775505313896 -0.101268371079504 -0.0366673006698367 0.0253789535987651 0.190995838484775 -0.0510218786654006 0.139439952414579 -0.168063377014068 -0.0141787158166461 -0.261262425790465 -0.237180142557128 0.234641736112224 0.011892865711237 -0.0206871580915722 -0.00747776461400689 0.134617360411248 0.139855885851509 -0.0364021401527595 0.00982829960553091 0.0975569559865309 0.378487277029271 0.203209155709069 0.203430558820064 -0.0678915575220556 -0.0255531510278133 0.0261391200807949 0.0611715814069607 0.331960760977554 -0.261178240133929 0.241311177152892 0.100511533833544 -0.0840505351091667 -0.159039476853412 -0.138563258107346 0.0435206895797316 -0.0919014268880986 0.123549821641897
9 0.103856361477181 0.0757014268983848 -0.0678349583742636 -0.0592203329481534 -0.0107026159085974 0.0697441141836437 -0.0504386444560382 -0.0396443519777724 0.281693935815581 0.104799524392738 -0.035268608778755 0.04392021403005 -0.0591080856230054 -0.0468998810892964 0.0180587395937331 -0.0281946492348591 0.029106658765665 0.202521403104469 -0.0340903685838817 0.0663510106966576 0.0482807372184331 -0.0943481569790556 -0.0792546968023363 0.0435454221359856 -0.125342568369127 -0.0162966706473089 0.0884745541005621 -0.0892239001136605 0.00481664684888976 -0.0813014268574624 -0.0650395957010256 -0.0640555291453262 0.0210536266629765 -0.0645346016789454 0.105485493466751 -0.0366619500738724 -0.00867835909744466 -0.0429681331842693 0.100699048759132 -0.0472819262650386 -0.0664600475532423 -0.10379441141824 -0.0294187871675399 -0.0276623067556576 -0.017787752679857 0.0635211652877537 -0.152946135559661 -0.0845915576831757 0.164920451847108 -0.0864931034420241 -0.000105112966505448 -0.0422859690927323 0.0688683709857227 -0.0583164090516122 -0.105159096327696 -0.0101992865742172 -0.0934907253328316 -0.011060047570335 -0.0761384066711878 -0.0942095125050604 0.218511652805696 0.122664209304516 0.0453847800301261 -0.036830796683781 -0.0897980975232941 -0.0573539833348795 -0.019406658745746 -0.117613317464745 -0.0710279429239092 -0.018326634965271 -0.0779600475791971 5.01783589869054e-05 -0.00751700357960764 0.0662511296356265 0.000292865644958054 -0.0356607609916203 -0.0194016646788176 -0.0137343638606034 -0.175860998811383 -0.0173418549379314 -0.0503261593160659 -0.0553073721867194 -0.0985770511428228 -0.104931747937261 0.0569858501727407 0.200030202150958 -0.0701412603889527 -0.0816887039337059 -0.0526513674271035 -0.0929902497185682 0.0231296076046676 0.0164303210594772 -0.100616646864178 0.000579667053918517 0.0722589774112486 -0.0459863258105347 0.115341022593316 -0.0482103448434859 -0.0450507728946183 -0.0477481569620315
10 -0.0973740784581101 0.198488347148288 -0.213924851449502 -0.163318430432335 0.112082282900546 -0.0630872771693834 -0.000921759890591542 -0.0798441141075494 0.104799524392738 0.917282045241557 0.0343126039486651 -0.0929696789417471 -0.195422473243707 -0.456387752755817 0.12384328183427 -0.111324732450883 0.193923781134992 0.127149346054191 0.0491127228375234 0.0658265161044902 -0.0588461355431278 -0.261025683676171 -0.17468549345471 0.0381508917358058 -0.171001783663521 0.0444601665368675 -0.0234692032901738 -0.037016884720941 -0.00326813317281622 0.0909875147771116 -0.157123186798317 -0.283722948867084 0.0339511295034991 -0.213050178345513 0.149195481597525 0.188308799111702 -0.033384780025645 0.0219340071587896 0.0169434007226846 -0.0891349584641019 0.205184066543046 -0.16464161716495 0.0602131986060954 -0.0755417361370699 -0.059631629007195 -0.156968252105276 -0.170634720618523 -0.0265373364829497 0.0267065398834466 0.0915551723630164 -0.15884387632904 -0.173834126039025 0.0974939358316504 -0.20545909629517 0.0664199762409738 -0.272512722934842 0.0907242568333679 -0.100022829945463 0.195188941776147 -0.0675521997230724 0.131238168896978 -0.154789893074462 -0.434333174841399 0.18143483953382 -0.370762663481977 0.0207466110814947 0.0136486325993547 -0.0408268728796672 -0.0396539833893843 -0.215350297264213 0.0446357907683543 -0.00839369797891809 -0.0318444708227185 0.228249108136328 -0.176007253322731 -0.171037693282007 -0.0864887039646775 -0.25492223543023 -0.133596670709383 0.234847562454824 0.0222435195275723 -0.149252437565644 0.0719844233285161 -0.229590725314785 0.131066706359715 0.201590130849597 -0.0897291320846694 -0.126708917958122 -0.161470154583237 -0.00819916762922321 0.232687514916144 0.152143757398356 -0.313218073727835 -0.072056361443487 -0.0405218787055506 -0.0818122473175754 0.0847080856604267 0.0102551724615544 -0.0266916765741071 0.000891557675797694
11 0.0139719382668205 0.162196670392416 0.271440190069588 -0.150169797797329 0.102065873615357 0.137191319497008 0.125798216152509 0.0710667064742613 -0.035268608778755 0.0343126039486651 0.664216408775879 -0.0730115338264808 -0.139637455354043 0.239336504060099 0.140481331811733 -0.159026278185475 -0.0474764569233241 0.0153638526428368 0.0586016643049471 -0.220743162769378 -0.229348156926666 0.0549123664297151 -0.120981569498548 -0.248282996666551 0.283128061670339 -0.0281020211924235 0.0159329371189226 0.297252318509073 -0.080930796670674 0.0975067773400037 0.0611682517510403 -0.0878164089451755 -0.117146968263093 0.0541634959553606 -0.157784542180382 -0.154822116392383 -0.0413045184300595 0.0750107016271575 0.00762520811176035 -0.0699582642200676 0.130379191239314 -0.0672912010471439 0.0299323425429802 0.100575267211101 -0.0716952437259328 0.294070154573693 0.00833293687529847 -0.12494268721002 -0.0937902495540642 -0.0102758622674072 0.192730321143136 -0.149423543355637 -0.231106658655949 0.0505831154703809 0.23596432825591 0.038863852692236 -0.209214744412557 0.0573136742968583 0.106598811021546 0.110286563776342 -0.0806950058266729 0.180388109160281 0.185613674186636 0.156366111919026 -0.114684898778326 0.202451248208278 0.0388488704552314 0.20412877493681 0.0352146253412337 0.0203816885387196 -0.156872532584955 -0.0318400713450765 0.135735077462281 0.083172651314855 -0.00609369809951091 -0.0283398336788079 -0.0707455411376745 -0.0856945302366332 -0.0858369800153415 -0.00858394765894118 0.134675980675229 0.0751160524013826 -0.0493960760509113 -0.139612128319156 -0.0410129606142187 0.0142996433958433 0.100098572835978 -0.166645897727764 -0.135618073701714 -0.145275624173827 -0.12827598088433 0.0357982162541124 0.0720652795140865 0.0363439953726468 -0.169087039208134 -0.0344192627365986 0.0554146255842998 -0.248482758488606 -0.0980907253232305 0.0656158145335804
12 0.0173259215031341 0.240174554178593 -0.0652662306402947 0.0250643281668735 -0.0482246134848031 -0.168845897677563 -0.0298596907901331 0.0182351961616233 0.04392021403005 -0.0929696789417471 -0.0730115338264808 0.652433769369241 0.0899016646786728 0.0693467301161145 0.0223225921435849 0.124495957190778 -0.0488486325171041 0.253049346022518 0.202029964428991 -0.0367148632938855 -0.0905771700550297 -0.0725187872060972 -0.158278596938839 -0.108756004721905 -0.0662431628677906 0.0152084422867563 -0.0943898930226356 -0.175606539810396 -0.0220267538681358 -0.102933174734856 0.0570699168423055 0.0501322235269308 -0.121441973776485 -0.04450190252497 -0.129732104659366 0.229108799038524 0.0689531510162997 -0.172224613587297 0.0606640903689391 -0.0867142686845674 -0.0712055885468303 -0.131369203322776 0.2030269916765 0.133047919227903 -0.0464385255773011 -0.0914475624275393 -0.0521416171050681 -0.209726991713079 0.245899643271606 -0.16656551721522 -0.034357669461048 0.0763210463680178 -0.1248991676917 0.106627110565826 -0.0340834720715103 0.198959690834994 -0.0676309155744107 -0.0050745541226853 0.195502734842627 -0.0578453032479844 0.310607134366388 -0.181841617086547 -0.0452262782384641 -0.181106539878734 -0.0354557669818858 -0.0667809749672125 0.00918311532720032 0.0171282997191178 0.119687395991386 0.106897978592005 -0.168057312766167 0.0568683709919535 0.283065873952238 -0.249506064169573 0.104644470903407 -0.119941141478864 -0.0895507728748774 -0.039732580284958 -0.117189774042611 0.0423544589764847 -0.092428894116053 -0.12205243760187 -0.0998121284393409 0.0925230677613162 -0.0272057075255961 0.202710820447074 -0.0920498215858218 0.00350487514286802 0.280812604062338 0.113397384056777 0.170059928650606 0.134585136788243 -0.0514249702948853 0.122622948855356 -0.0661391201112948 -0.127312247347029 -0.0809539833890315 0.20129999998601 -0.071098573136698 -0.0425601664769276
13 -0.17599381692198 0.250419143954203 0.192501664747149 0.0372177169906783 -0.0279494648495197 0.0399369798697242 -0.00755612360550246 -0.182832699220383 -0.0591080856230054 -0.195422473243707 -0.139637455354043 0.0899016646786728 0.714504161764801 -0.33236765755528 -0.0854952437763332 0.182941617124794 0.122593935870774 0.252263020219638 0.133161117812176 -0.242907847855893 0.0583156955950533 -0.338709036934382 -0.0401430440146572 0.350537574394434 -0.242247562408354 0.0673538644077278 -0.0463385255986708 -0.211949108184395 0.0269693222363517 -0.0913536265761047 -0.167007966650144 -0.189334958422166 -0.241144589720396 -0.134966825244814 -0.0396906064345642 0.368818549348636 -0.00583781212988599 -0.0589804994269575 -0.0808828775398348 -0.0538080855655819 0.108542925144799 0.136792508950052 -0.0120825208291363 0.2940939358907 -0.064882520822883 0.0860052318817844 -0.0814212841706159 -0.111741617149908 -0.0896164090790732 -0.194634482734667 -0.139711415012186 0.129492271105363 -0.177727229528072 -0.268821878768336 -0.097901783611539 -0.117992152239202 0.11802960762988 -0.159698454256392 -0.11906040430731 0.011229845390776 0.340328180742275 -0.23285231863658 -0.0226915576655258 -0.277628418603952 -0.181734244998429 -0.00397657543618635 -0.117718073745548 -0.103691319792094 -0.181741854928608 -0.169024019056066 -0.108839833569427 0.00582782401923925 0.0203026159009263 0.0195693223011896 -0.295768133176911 -0.162995957178204 0.0267023781470352 -0.0986607610279425 0.190829013145091 -0.0442948870483903 -0.0276705112317166 -0.115815576721546 -0.0591096314082712 0.0123818073492213 -0.160528061878584 0.217232223539749 0.0755082045899939 0.0190966706258441 0.239931510122616 0.134252080848064 -0.247998454266596 0.330588703989017 -0.131196908471433 -0.246420214081052 0.0475142687221545 0.324964209294824 0.0804167657341023 0.0408827585912175 0.0653380499439225 -0.0690917954925566
14 0.363533174863306 -0.671516052479147 0.0994984541516097 0.173322711103984 -0.117779191585657 0.140937336374234 0.0169683708855302 0.186487752756502 -0.0468998810892964 -0.456387752755817 0.239336504060099 0.0693467301161145 -0.33236765755528 1.71413055897258 -0.0878694411303891 0.0342268728004949 -0.0310990488770433 -0.25806837097869 0.0301545777383969 0.431175267637946 0.130349464954573 0.0780305589402518 -0.283674316288918 -0.0520713437241395 0.511432342425762 -0.222551248452816 -0.00732925083967331 0.325757669400033 -0.0621010701575237 -0.0863873960861649 0.650527348327375 0.139115220027706 0.213619976102076 -0.0747512484777638 -0.211473008325665 -0.423100475606556 -0.0566520808598268 -0.166537812115622 -0.0273306777573859 0.108489773995852 -0.424939120216476 -0.132422354386927 -0.219659334111966 -0.270523186837375 0.0991165279669615 0.29400154579432 0.343291438755372 0.388255885917057 -0.0376369797290768 0.379282758580702 0.347092865699051 -0.0132906063994748 0.213760998871576 0.640744946601357 0.122743281839255 0.438493698070658 -0.21067158148621 0.399750535151102 -0.163560166456244 0.18797253277492 -0.298043162880987 0.503025921473406 0.324447086821195 0.0482024970827678 0.0388406659399182 0.0922780022623087 0.139602497063227 0.0722601663410082 0.252811771682775 0.363178953688026 0.293878121361422 -0.074638644477309 -0.352690606392605 -0.19336658752864 0.499707847801211 0.531408561231268 0.716637693248374 0.260358145125459 -0.315018073836393 -0.270339476829923 0.126349464814716 0.259315695653963 0.00467027350496856 0.0975683710393201 0.0883772890078829 -0.446489774077367 0.160040903585803 0.0400961950207581 -0.0593393579002504 -0.236939001174305 -0.00822187867714159 -0.89758680157231 0.364218311598199 -0.251949702710469 -0.0712324613442833 -0.109365041608619 0.0342634958926237 0.121210344898705 -0.03665552913045 0.109137455428525
15 -0.0247323424668981 -0.0518953626288569 0.0572605232242225 -0.093842806203924 -0.0297343638000878 0.109902853814216 -0.0107247324204415 0.0317946492042532 0.0180587395937331 0.12384328183427 0.140481331811733 0.0223225921435849 -0.0854952437763332 -0.0878694411303891 0.417261593372734 -0.104938644491661 -0.162247324578947 0.234790249711626 0.00894423311694605 -0.134000594566827 0.0223115338823696 0.178602972638176 -0.067005350790601 -0.183164447071232 0.233359928707673 -0.0280512485496435 0.134305231857998 0.0226369798173524 -0.0441527942978612 0.0121677765069316 -0.0952140308721393 0.0194290130658841 -0.0479351961438119 0.0638315100955483 0.0217890606369378 0.00565469676661271 0.0648651605286381 0.137672532700552 0.017310701543439 -0.0705964327869324 0.0815850178766862 -0.0813568370923806 -0.0111351962102233 0.05780784785834 -0.159200713457385 0.0298498216487092 -0.0418844232930957 -0.0488648038219166 0.0691699167476765 -0.0642103448027986 -0.11051403093828 -0.0861733650589913 -0.287297621922298 0.0575173602710054 0.0878674197384332 -0.0675752675656548 -0.0983681331776905 0.0751126040352002 0.167391557673967 0.168020808553472 0.0364154577720627 -0.0528120094783657 0.0048057074959504 0.11778180736258 -0.110824851403235 -0.027194411366858 -0.0529630202282714 0.108398097567872 -0.0811192627731885 0.124244470868696 -0.0319598097734675 0.0547613555340539 0.135219738394341 -0.0395079666634434 0.0970768133454367 0.0361602854005573 0.105827348421688 -0.0232866825374549 -0.0664663495555347 0.0155191438741783 -0.176636741941692 0.179412247329729 -0.0888159334293624 0.0540373364916773 -0.00929857315163938 -0.0712690844476321 0.13092021409024 -0.000293460170985892 0.02086753864131 0.0543403091457867 0.0462643281690434 0.12031664688507 -0.033409274688351 -0.025646254480996 -0.04592211653959 -0.0167719381780919 0.0595807372024163 -0.0770000000315614 -0.0621107015536723 0.00607538644202454
16 0.1028135552802 -0.18394304395808 0.0878718193153897 0.198539239003436 -0.0630084422602804 -0.170154340006995 -0.115850891748595 -0.151875267588634 -0.0281946492348591 -0.111324732450883 -0.159026278185475 0.124495957190778 0.182941617124794 0.0342268728004949 -0.104938644491661 0.585243757471831 -0.0683296075475972 -0.0290594530531373 0.00948703932293485 0.173435315084528 -0.0944568371185859 -0.0544938169315628 -0.114051129634079 0.346120570827069 -0.189913555268842 0.0859317478812995 -0.213530083284041 -0.144508323397799 0.0713139120146059 0.0522223544128235 0.255406539929922 0.14896076099133 0.0315506540631636 0.0463765754856085 -0.0463095124994493 -0.00681105829696302 -0.0395884661164281 -0.047546373385534 -0.0368873959661513 0.00214673013556899 -0.237739714602264 0.26426991680998 0.132526516045287 0.0847014269533648 0.0899092746732499 0.271497146286956 0.135528537490876 -0.111516171252234 0.179787633752353 0.258872413860069 -0.0869589774329791 0.0917123662265835 0.27775529132335 0.0551639714404511 -0.1054523186896 0.192250891785168 -0.0808073721748053 -0.132270749140949 -0.0161488704094514 -0.114146373408381 0.100512841837223 0.0901871582074973 0.0920878715962275 -0.184070392435938 0.499060998823057 -0.00257609981143511 -0.0444428062000565 -0.138040784717655 0.0647538644764594 -0.0421608799240798 0.470394768149768 -0.0327976218821476 0.417981331752776 -0.1527550534579 -0.052770986899389 0.01527835912891 0.386461712307142 -0.0474248513918203 -0.0929684898540911 -0.0834212841983627 0.0570259215946983 -0.0119936979960202 -0.153982520834643 0.178290487507437 0.214736623055585 0.0753222354168391 -0.082011058206935 0.046742568369205 0.120108204522688 0.291065636154072 -0.0418604043067132 0.0675697979001671 0.0606619500483669 -0.11858489896806 0.171739239007307 -0.0739027348570159 -0.0275944114462731 0.195824137916009 0.0856184304452268 -0.108273127244196
17 -0.0409835908715727 0.214594173373215 0.073378953430436 -0.0590730082534377 0.0646825204652987 0.0796080852513541 0.0617873956980249 -0.113747918991171 0.029106658765665 0.193923781134992 -0.0474764569233241 -0.0488486325171041 0.122593935870774 -0.0310990488770433 -0.162247324578947 -0.0683296075475972 1.35454292490148 0.140081569657096 0.0450115335118738 0.141125327155817 0.246321759883327 -0.118316289950559 -0.151585850120671 0.621897859541879 -0.0886784781958993 0.289474911058384 0.202603329524805 -0.0505325804512185 0.0985469679121578 -0.0151734842599844 0.206269440829623 -0.0968407846904561 -0.173433056254377 -0.285149227026943 -0.148605707459529 0.497900951443759 0.0016041617166233 -0.0789519618841497 0.0465820452138078 0.265389417146387 0.0835747917132009 0.255603329305503 0.0724876338657045 0.159349821323173 0.249266944175451 -0.486689298531676 -0.147303567299766 -0.269873840613516 -0.23391224719116 0.270993103278875 0.0363315101880279 -0.140698097457823 0.0472814507625649 0.0826204519759617 -0.00567277045959336 0.0707195007316205 -0.0290878716245346 -0.0237976217880871 -0.237414149772824 -0.0404243755976994 -0.331837812035083 0.025475742918155 0.0414816884421216 0.015719144008714 -0.202557193675713 0.129819857004581 0.0479536266979086 0.0257934598233447 0.130817835815357 -0.153078596853096 -0.303335552814436 -0.0105054696783977 -0.322622235305949 0.0956159331271755 -0.158436385389412 0.180310463607871 0.0826590962146764 0.0596492272075385 0.0943430437856728 0.207185850220814 0.20217693193407 -0.140083115277432 -0.0567646848513334 -0.276553983268106 -0.219347681203703 -0.0488790724260524 0.47812164065191 0.122362782441828 -0.0277281807074083 -0.146204756160871 0.246636861004678 -0.525212604248661 0.118242687365257 -0.115841973727723 -0.0206178358653477 0.310985255725812 -0.118392508797637 0.00950344843032061 0.0834351962157296 -0.0900611177049151
18 -0.116356123698643 0.329386444806154 0.19212520815771 -0.0858189060923824 -0.0134510106099886 0.111034363960949 -0.0861759809127512 -0.168676932282883 0.202521403104469 0.127149346054191 0.0153638526428368 0.253049346022518 0.252263020219638 -0.25806837097869 0.234790249711626 -0.0290594530531373 0.140081569657096 0.889217360347003 0.0665895363737584 -0.263379429315817 -0.0524652794475755 -0.1426442331202 -0.188159690881114 0.387092627915714 -0.0847749107792561 0.00247871575877929 0.218993460151026 -0.156178121249805 0.0161177170030959 -0.0474036860098645 -0.268611771637666 0.0197706301777802 -0.052959452943532 -0.0915936980166114 0.1562791914414 0.21364197382143 0.0120185493460276 0.151531747913951 0.0550986920318204 -0.147095838238147 -0.0305243756904919 -0.130603091546502 -0.0808180737531767 0.164009155870835 -0.0792491082220354 -0.179687277059706 -0.100830677746463 -0.213399167698362 0.354222948862493 -0.486072413787164 -0.144166944148368 -0.0130712247492178 -0.156858145107865 -0.322330321110032 0.0353493460061031 -0.17622401907625 -0.0983156955990332 -0.189624375785731 0.340270035685003 0.109990368579514 0.38006516052593 -0.194741022544859 0.0367963139228957 -0.0915401902931181 -0.406897384147567 -0.0843147442747897 -0.113678121310435 -0.0646734838619699 0.0166982164389397 -0.151564209307517 -0.166376099930639 0.0304957193841545 0.0858011890266249 0.00140392397848717 -0.0855149821405903 -0.322979667055555 0.236964090419407 -0.197809750340195 -0.168784304357402 -0.0330092746822086 -0.140585969015708 -0.00372306779664649 -0.169750772919504 -0.0267035672139748 -0.0184190250115316 0.0990785968882303 0.253200594633095 -0.112474554120412 0.10958799048924 0.166931510097395 -0.177900237855883 0.207775743224034 -0.242310820495178 -0.242470630257932 -0.0110085612499449 0.232158026168371 -0.00396385259179126 -0.0723310345303854 -0.0406917954888233 -0.0588614744462203
19 -0.247926634866656 0.179927348110308 -0.0727424497168118 -0.0615121283332036 0.173023424089536 0.120772532266014 0.14680356687611 -0.111074791727713 -0.0340903685838817 0.0491127228375234 0.0586016643049471 0.202029964428991 0.133161117812176 0.0301545777383969 0.00894423311694605 0.00948703932293485 0.0450115335118738 0.0665895363737584 0.603417359883192 -0.0249895360867685 -0.190082996390036 -0.260162663289498 -0.11629548149369 0.094814268486171 0.0352645657728414 -0.253940784549915 -0.119103804841368 -0.113397741018471 -0.0212832342379117 0.0391105822684023 0.312501426502564 -0.102860285265191 0.165273245726336 -0.0952959570694585 -0.0663619500107384 0.0371614746175562 0.115688347221718 -0.151717954741517 -0.0503090368353403 0.0674337690403653 0.0746347203255889 0.0104444707623481 0.101531866942803 0.358218430072337 -0.130837098658805 -0.138119619551665 0.240965160420539 0.104340547071617 -0.145402259041329 -0.0881965519676538 -0.171319262704978 0.107188466192365 -0.0908246134382633 -0.225314506410159 -0.0424562425093616 -0.123269084277615 0.00525362658679414 -0.0837721758768443 -0.109663139044533 -0.151755885684424 0.225479667234655 -0.121396908751921 -0.0703239001592019 -0.155835671676071 -0.238147443348739 0.107780261217025 0.195771224821413 0.191580380100636 -0.0717154579237283 -0.00132199753781618 -0.0709307965236624 0.0992387633881616 0.0309608800989944 -0.0380418552933848 -0.0756539835036161 -0.0656272296671467 0.123297978479426 -0.115517835810363 0.138008442080038 0.0622782402237581 0.0384825204399873 -0.0804390011065774 -0.119966468437337 0.000979429385052961 -0.082180974858053 -0.000757907119129087 0.122561474088624 0.0645435196598257 0.316798216478044 -0.00755219964770752 -0.0832894172457032 0.385558739443557 -0.101699524292396 -0.134670748971485 0.00497407853423761 -0.0677407847279943 0.0255500596140561 -0.111720689480474 -0.0430599286449216 -0.0481936979583119
20 0.103859571902349 -0.551024375675701 -0.248259690770559 -0.0436535077691342 -0.155948989146161 -0.16436884645052 -0.0304653982115117 0.152711414918444 0.0663510106966576 0.0658265161044902 -0.220743162769378 -0.0367148632938855 -0.242907847855893 0.431175267637946 -0.134000594566827 0.173435315084528 0.141125327155817 -0.263379429315817 -0.0249895360867685 1.06366563617571 -0.0155588585273127 -0.0534281808337549 -0.116133412649415 0.0958315102153177 0.043433531602715 -0.291092509046103 -0.0274727705788484 -0.195046016576886 0.0346167657547363 -0.174958382745429 0.333177289131563 0.0791397145857287 0.410611177377123 0.0802109393126318 -0.0603481569834847 -0.113959215301605 0.0386297265176784 -0.178566230729682 -0.132188347230182 0.0691510108222916 -0.263875624181793 -0.106400356685968 -0.105943995296558 -0.145671224587134 0.171449108202636 -0.171257550536162 0.0833306778221156 0.373116409034865 -0.166302259305258 0.447537931169913 -0.0784296076544751 -0.00459774081314363 0.465730558852675 0.267461355494556 0.0783127229312877 0.0671274672448233 -0.195925683709073 -0.00429286568095003 -0.164921759859355 -0.0227696790271342 0.0132107014874407 0.23183757445631 0.249779548193863 -0.0102218787793499 0.270173246084424 0.0102492272647061 0.220495362656371 -0.216464446942038 0.0360328181280893 -0.0364082045552274 0.193951961907468 0.015773246136302 -0.0222391201729911 0.0268650417604129 -0.0346091557134121 0.0112382878219953 0.141797978661454 -0.0871592152718576 0.157787752794711 0.0175989298361324 -0.0335450652540029 -0.0888907253710733 0.0434231866613056 0.173172532662378 0.196412128365978 -0.111530321110083 -0.0838661116376913 0.152402140309969 0.00373269915250889 -0.125148751543783 3.47205222316913e-05 -0.369179191398882 0.222769441125686 0.000984423246467033 0.291470630207543 -0.172795957233272 0.110305231814378 -0.0134413793850196 0.0424607609966738 0.00322009511531487
21 0.362453269935741 -0.0587926277897017 0.328850416234657 0.145144946493911 -0.090439952390373 0.227606658819863 0.0349204518886149 0.426384066601553 0.0482807372184331 -0.0588461355431278 -0.229348156926666 -0.0905771700550297 0.0583156955950533 0.130349464954573 0.0223115338823696 -0.0944568371185859 0.246321759883327 -0.0524652794475755 -0.190082996390036 -0.0155588585273127 1.0900073722708 0.142735671802196 -0.0861642092942885 0.139457669487426 0.24959155772253 -0.0269356718554048 0.211100713434625 0.145867895405917 -0.0159645659955677 0.112961593401512 -0.0678683709404646 0.0584722948768095 -0.0656464922211192 -0.146328775298981 0.0882618311544465 0.317752913204901 -0.0279215220009298 0.0365979785886579 -0.0157129607664861 0.057184185536975 0.177744352012074 -0.0122027348265235 0.17690178359337 -0.0970403091118363 0.0497431628999751 -0.110464209280065 0.0170800237994064 -0.0430017836074361 -0.193785136785071 0.153255172459358 -0.0846028537659001 0.0809575505333948 -0.062633531532626 0.39580832344188 -0.140218549367581 0.128765755044852 0.362351367460363 -0.00563840667408867 -0.200911652824611 0.258308323425053 -0.120704161743521 0.151304161765952 0.0332478002454007 0.291226516058916 -0.192153388866531 0.00272568376123871 -0.269466587430704 0.0756495838910412 -0.091817360277028 0.169819857317613 -0.240776337736261 -0.0467223543447263 -0.479583828845805 0.00258370991642071 0.424897621937762 0.247792390058051 0.323662663543453 0.171228775269125 0.231607253326623 0.0811711058304014 -0.0519684898486635 0.126305588585023 0.0881846611175905 0.437706658763164 0.122855053495591 0.324839952450474 0.300956361550195 0.091830202144446 -0.00775505351363389 0.227273365047827 0.419216765778416 -0.321076099886454 0.234419738416486 -0.264858501828343 -0.118665398353887 0.132122948875133 -0.0339759809992116 0.207344827581274 0.0154991676569625 -0.0276746730142184
