1 0.542027551020411 -0.0940214285714296 -0.102594897959186 0.190146938775507 -0.116961734693878 -0.0920795918367347 -0.0581586734693869 0.192436224489793 0.104800000000001 -0.0894510204081663 0.0523627551020386 0.0099091836734675 -0.190399489795917 0.391056632653062 -0.0315346938775528 0.0983229591836752 -0.00503520408163148 -0.130452040816329 -0.211651020408164 0.0896846938775523 0.369429591836736 0.310456632653059 0.0267653061224466 -0.0979423469387764 0.0496433673469405 0.20063775510204 -0.0358841836734693 0.233195408163262 0.00843214285714368 0.135067346938773 0.188414795918369 0.120446428571427 -0.104870918367349 0.0551826530612258 -0.0740602040816312 -0.129742857142859 -0.122483163265304 0.0690025510204057 0.0543979591836767 0.0592586734693906 -0.0593357142857172 -0.0625979591836732 0.0650178571428568 -0.141846428571428 0.138184183673473 0.119019387755102 0.0213255102040813 -0.0408704081632673 0.045625510204078 0.0585831632653086 0.0682158163265337 -0.0975698979591853 0.207053571428576 0.527893367346939 -0.0715137755102058 0.416566836734696 0.00912755102040508 0.0294035714285688 -0.0163285714285695 -0.0295780612244889 -0.112769897959184 0.363299489795917 0.222957142857142 0.125358673469388 0.297283163265304 0.0373627551020395 -0.121269897959185 -0.0275627551020389 0.176328571428575 0.16105306122449 0.115015306122453 -0.117437244897958 -0.0209290816326538 -0.0368714285714312 0.341277040816327 0.25928112244898 0.320035714285713 0.130708673469387 -0.132745918367348 -0.150264285714287 0.0445025510204113 0.109883673469385 -0.0642974489795899 0.222636734693874 0.134409693877549 0.204681122448977 -0.0581367346938779 -0.0352295918367359 -0.157734693877552 0.187565816326528 0.232787755102041 -0.210530102040817 0.270517857142858 0.057879081632655 -0.110685714285714 -0.134244897959182 0.0601127551020427 0.127309183673472 0.0213260204081622 -0.00798163265305959
2 -0.0940214285714296 1.25757857142857 0.0200035714285722 -0.239739285714284 0.121553571428572 -0.0353321428571428 0.134267857142857 -0.116714285714285 0.085646428571428 0.175725000000001 0.0687714285714292 0.269792857142857 0.280624999999999 -0.733571428571428 -0.0382499999999993 -0.169139285714286 0.124296428571428 0.367178571428572 0.0681821428571433 -0.523875 -0.0452642857142862 -0.121364285714285 0.165060714285715 -0.0885357142857138 -0.492707142857143 0.231364285714285 0.121978571428571 -0.0861357142857132 -0.0634214285714288 0.00756785714285793 -0.477385714285714 -0.185249999999999 -0.241449999999999 -0.0940285714285718 -0.0571964285714289 0.406278571428571 0.0209785714285706 0.0126107142857151 0.092885714285713 -0.207278571428572 0.062825000000001 0.0347535714285712 0.197828571428571 -0.0396821428571428 -0.159235714285715 -0.194721428571428 -0.388114285714285 -0.547364285714284 0.0106285714285727 -0.754635714285714 -0.208500000000001 -0.0891392857142849 -0.23652142857143 -0.305932142857143 -0.0904892857142849 -0.240667857142858 -0.143224999999999 -0.363357142857141 0.125303571428571 0.0634392857142852 -0.0234499999999998 -0.270132142857142 0.0721821428571429 -0.133017857142857 -0.101517857142857 -0.0172714285714281 -0.016689285714285 -0.0872607142857148 -0.177903571428572 -0.1832 -0.406175000000001 0.0305392857142852 0.440253571428571 -6.07142857133194e-05 -0.202935714285714 -0.530599999999999 -0.406214285714285 -0.204553571428571 -0.296999999999999 0.111032142857143 -0.0697678571428582 -0.266157142857142 0.0942214285714278 -0.243839285714284 -0.25305357142857 0.293132142857143 0.000932142857142991 -0.199317857142856 -0.0251857142857137 -0.0255857142857134 0.00758214285714252 0.678599999999999 -0.230860714285714 0.454907142857141 -0.121842857142857 0.434357142857142 -0.0565892857142864 -0.107735714285715 -0.137371428571428 -0.0891821428571433
3 -0.102594897959186 0.0200035714285722 1.15527091836735 -0.114284693877549 0.0497051020408171 0.401130102040816 0.0369647959183667 0.135377806122451 -0.0643714285714292 -0.245830612244895 0.200484438775511 -0.0504941326530598 0.216659948979591 0.0721043367346925 0.0719038265306134 0.108383418367345 -0.00362933673469471 0.220144132653062 -0.171396683673468 -0.219060969387756 0.353298469387753 -0.307563520408162 -0.405537244897957 0.252622448979592 0.247911734693876 -0.384531632653061 0.137620918367347 0.0678747448979611 -0.026178571428572 0.0934293367346953 -0.196572193877552 0.185855357142858 0.151284948979593 -0.0724489795918376 0.058983163265305 0.207442857142858 0.0205890306122432 0.0464676020408179 -0.00313622448979834 -0.159264795918369 -0.0162999999999977 -0.0574566326530612 0.109369642857143 0.0373553571428572 -0.0818977040816352 0.281145918367347 0.00841709183673487 -0.115730102040815 0.121826020408166 0.174107397959182 0.0783959183673445 0.148613775510205 -0.175475000000004 -0.156150765306123 0.0816367346938787 -0.155869897959185 -0.0560984693877528 -0.169673214285712 0.118673214285713 0.430392091836733 -0.174498724489795 0.0190311224489804 0.0498839285714289 0.0678959183673467 -0.317247959183672 0.0568094387755111 -0.173568367346937 0.00113520408163135 -0.0976500000000024 -0.0351778061224489 -0.0708961734693908 0.0199540816326521 -0.142597448979591 -0.0675446428571408 0.00928443877550962 -0.244473469387755 0.0898017857142858 0.00543341836734715 0.147808163265307 0.0801017857142867 0.006955102040814 0.0106655612244914 -0.0209520408163278 0.272341326530614 0.10698724489796 0.0874122448979611 0.299844387755102 0.0051104591836744 -0.0253354591836724 0.0433655612244915 -0.0894316326530618 -0.29599413265306 0.0211517857142847 -0.480841836734695 0.0858732142857138 0.298849489795917 -0.0557280612244912 -0.121854846938778 0.000952040816327302 -0.0602025510204092
4 0.190146938775507 -0.239739285714284 -0.114284693877549 0.425172959183675 -0.00630306122448895 -0.114692346938775 -0.159740306122449 -0.0616073979591818 -0.0635250000000007 -0.160124489795916 -0.125531377551019 0.0195971938775524 0.0321176020408157 0.191025255102039 -0.101880867346937 0.199167091836733 -0.031560969387756 -0.0967543367346921 -0.0279762755102029 -0.0593727040816337 0.145603061224488 0.185585969387756 -0.0548040816326512 0.0277086734693885 0.213051530612243 0.250177551020408 -0.139327551020408 0.0796272959183693 0.062564285714285 0.186921683673471 0.256303316326529 0.00809107142857212 -0.115153826530611 0.114458673469387 0.0735515306122438 0.0119857142857155 -0.092854846938777 0.00132729591836906 0.0259331632653036 0.132751020408161 -0.173885714285712 0.171641836734693 0.0465767857142859 0.0967446428571428 0.151815051020405 0.207676020408163 0.133585459183673 0.0397030612244913 0.139226530612247 0.0774512755102021 0.0676831632653036 0.0559545918367359 0.214999999999996 0.236903316326529 -0.103137755102039 0.349046938775508 0.101643367346941 0.00516250000000195 -0.0473482142857157 -0.107382397959184 0.0787670918367348 -0.0181586734693869 -0.0534160714285709 0.00704030612244888 0.264010204081633 -0.00322780612244799 -0.0731061224489779 0.183093877551019 0.188899999999997 0.109707397959183 0.0540477040816293 -0.0870403061224498 0.0378984693877556 0.0444339285714305 0.070561479591836 0.157825510204081 0.245755357142857 0.202252806122449 0.0735551020408175 -0.148976785714284 0.0284219387755077 0.122774234693879 -0.0660459183673482 0.157342346938777 0.062304081632654 0.0351505102040836 0.042393367346939 0.0403880102040825 0.0669405612244908 0.388274234693879 -0.00140102040816401 -0.0338563775510198 0.177144642857142 -0.0438841836734708 -0.110151785714286 -0.0394775510204093 -0.11119030612245 0.288172193877548 0.0848352040816333 -0.0346198979591848
5 -0.116961734693878 0.121553571428572 0.0497051020408171 -0.00630306122448895 0.118334693877551 0.0574061224489795 -0.00613010204081658 -0.116363775510203 -0.000960714285714643 0.0743489795918377 -0.0330051020408155 -0.0205301020408157 0.000779081632652804 -0.175214795918368 -0.00912755102040753 -0.0353770408163271 -0.0699673469387758 0.0224586734693885 0.0139882653061229 -0.0960474489795922 -0.0718204081632657 -0.147414795918367 -0.0146882653061216 -0.0146173469387751 -0.0322602040816332 -0.0125408163265305 0.0298801020408163 0.00259897959183769 -0.00908571428571455 0.0527030612244905 -0.094917346938776 -0.0723392857142852 0.0413183673469394 -0.00894948979591882 0.0946826530612239 0.0489500000000005 0.0114596938775502 -0.0511581632653052 0.053862244897958 -0.0733413265306131 -0.0200821428571418 0.011448469387755 -0.0126857142857142 -0.0304107142857142 -0.0773551020408175 0.0649801020408163 -0.0936459183673467 -0.017148979591836 0.0515505102040828 -0.0748454081632661 -0.0645091836734704 0.0422086734693883 -0.00848928571428754 -0.190288775510204 -0.0571423469387748 -0.153151020408164 -0.138272448979591 -0.0622178571428562 -0.0119250000000006 -0.00639591836734723 0.023701530612245 -0.117739795918367 -0.0910249999999997 -0.0405198979591836 -0.0868382653061219 -0.021372959183673 -0.0252306122448972 0.0272765306122442 -0.0963607142857153 -0.0606255102040816 -0.0523632653061239 0.0184413265306118 0.0923244897959185 0.0580964285714294 -0.144544387755102 -0.123954591836735 -0.211071428571428 -0.0316020408163264 0.0445505102040822 0.0152142857142862 -0.0622867346938786 -0.05206275510204 0.0747275510204074 -0.0572632653061214 -0.00359030612244848 -0.0260724489795909 -0.0435974489795916 -0.0494510204081627 -0.0164489795918362 -0.000569897959182842 -0.065358673469388 0.118344897959184 -0.141053571428572 0.0385040816326523 -0.00816428571428585 0.114962244897958 -0.0939586734693883 -0.0709051020408173 -0.0227525510204077 -0.0180387755102046
6 -0.0920795918367347 -0.0353321428571428 0.401130102040816 -0.114692346938775 0.0574061224489795 0.646673979591836 0.0648270408163264 0.0638058673469388 0.0829142857142855 -0.109365306122449 -0.00423188775510196 -0.143846173469387 0.0727201530612244 0.0898227040816324 0.136684948979592 -0.144710969387755 -0.0620191326530612 0.153385459183673 -0.0491885204081631 -0.101177806122449 0.258783163265306 -0.176845153061224 -0.0619846938775508 0.0491647959183674 0.148014795918367 -0.213255102040816 0.349951530612244 -0.100374234693877 -0.0171285714285714 -0.0107808673469386 -0.381247704081632 -0.127091071428571 0.158045153061224 0.0840683673469385 0.179475510204081 -0.159010714285714 0.0427507653061223 -0.0296170918367346 0.0142229591836733 -0.104869897959184 -0.0572357142857141 -0.105083673469388 -0.0195589285714285 -0.227583928571428 -0.19770331632653 0.0724372448979591 -0.145136989795918 0.206429591836734 -0.0793387755102038 0.100920663265306 0.0544408163265303 0.136587244897959 -0.313664285714285 -0.244733418367347 -0.191020918367347 -0.191890306122449 -0.206051020408163 0.0106517857142858 -0.133616071428571 0.304145153061224 -0.119521683673469 -0.0972647959183671 0.191369642857143 -0.22466275510204 -0.328366836734693 -0.00612117346938769 -0.0319877551020407 0.0234193877551019 -0.333946428571428 0.0168298469387755 -0.223922193877551 0.0500841836734692 -0.315904081632653 -0.1411875 0.0280645408163264 0.0297132653061224 -0.0811089285714285 0.0118676020408164 0.0852433673469387 -0.0466839285714285 -0.146454591836735 0.0441140306122449 -0.00731887755102048 0.250304591836735 -0.264697448979591 -0.209401020408163 0.251509693877551 -0.0184028061224489 -0.047965051020408 -0.0942752551020405 -0.14341581632653 -0.146917602040816 -0.208944642857143 -0.145917346938775 0.0149767857142856 0.259576530612244 -0.176187244897959 -0.110353316326531 -0.0101168367346938 -0.0591852040816326
7 -0.0581586734693869 0.134267857142857 0.0369647959183667 -0.159740306122449 -0.00613010204081658 0.0648270408163264 0.203906632653061 0.130550765306122 -0.044560714285714 -0.0326122448979598 0.0250727040816321 -0.00861301020408206 0.0147221938775512 -0.022800765306122 0.00532831632653018 -0.097322704081632 -0.0398920918367343 -0.0616512755102045 0.0267288265306118 0.018107397959184 0.0527408163265309 -0.0301757653061227 0.12019081632653 -0.0998224489795919 -0.0662438775510199 -0.168007653061224 0.166389795918367 0.0181716836734687 -0.0533678571428568 -0.100375765306123 -0.167334948979591 0.0591803571428568 0.0643079081632647 -0.0764581632653057 -0.0684724489795914 -0.0247821428571432 0.0383823979591842 0.0875359693877544 -0.0732423469387746 -0.0631387755102033 0.166607142857142 -0.0873076530612243 0.0724589285714284 -0.0741196428571428 -0.104952295918366 -0.104449489795918 0.0257007653061224 -0.118552040816327 -0.132036734693878 -0.038332397959183 -0.0821852040816318 0.00356479591836692 -0.194267857142856 -0.122474234693877 0.00118469387755059 -0.214922959183673 0.0438556122448972 -0.031141071428572 -0.0594410714285709 0.121204336734694 -0.036458418367347 0.0901260204081629 0.0829053571428569 0.0122540816326531 -0.109573469387755 0.0211262755102037 -0.0110852040816331 -0.0820244897959178 -0.16495357142857 -0.0327686224489795 -0.0444681122448969 0.0330994897959186 -0.038941836734694 -0.0462553571428577 0.059858418367347 -0.0108408163265303 -0.0655160714285714 -0.0880405612244897 0.0603311224489791 0.0557589285714281 -0.0754586734693869 0.0742594387755096 0.146641326530612 0.0436551020408156 -0.0290229591836738 -0.0555801020408169 0.0207377551020407 -0.0423497448979594 -0.00180382653061258 -0.159476275510204 0.00187448979591861 0.00300484693877533 -0.0485303571428568 0.00320612244898008 0.0543482142857143 0.0786862244897962 -0.102561224489795 -0.114730867346938 -0.0707056122448981 -0.00646173469387715
8 0.192436224489793 -0.116714285714285 0.135377806122451 -0.0616073979591818 -0.116363775510203 0.0638058673469388 0.130550765306122 0.665495280612246 -0.0457964285714293 -0.0631709183673446 0.138498086734695 0.00512487244898089 -0.203269005102041 0.218049362244896 0.0227932397959196 -0.171278443877552 -0.0537386479591844 -0.191724872448978 -0.0377521683673458 0.127537117346937 0.431390561224488 0.112854719387756 0.0464762755102056 -0.233246683673468 0.263058673469386 -0.16264387755102 0.0904117346938774 0.136063903061226 -0.0836517857142862 -0.00550420918367189 0.034441709183672 0.146254464285715 0.0440399234693891 -0.0436323979591846 -0.155475255102041 -0.0600285714285701 0.00362283163265143 0.0948174744897974 -0.0670150510204104 0.0289867346938754 0.286498214285716 -0.155202806122449 0.30290625 -0.189263392857142 0.0176820153061198 -0.159529336734693 0.148311352040816 0.135313775510205 -0.232775255102038 0.153878954081631 0.0687795918367323 0.0770670918367359 -0.161987500000004 0.315145280612243 0.0509104591836747 0.232261224489794 0.172302295918369 0.0535883928571446 -0.0391651785714299 0.137254209183673 -0.256637372448979 0.248703826530613 0.24409375 0.312901020408163 -0.137434438775509 0.0270855867346948 0.0144206632653075 0.267990306122447 -0.0311928571428596 0.130247576530612 -0.19993354591837 -0.0149992346938784 -0.302780102040815 -0.185856249999998 0.267149872448979 0.0413147959183666 0.000309821428571692 -0.0262909438775508 0.183790816326531 0.140199107142858 0.0249558673469364 -0.00498380102040661 0.0902880102040802 0.369435204081634 0.180261224489797 0.188102295918369 -0.0100262755102038 -0.0322289540816317 0.0204878826530622 0.0439644132653078 0.323204336734693 -0.238766198979591 0.234283035714284 0.0789461734693862 -0.0964401785714287 -0.174554336734695 -0.170213520408164 0.0138909438775488 -0.0977933673469379 0.123781887755101
9 0.104800000000001 0.085646428571428 -0.0643714285714292 -0.0635250000000007 -0.000960714285714643 0.0829142857142855 -0.044560714285714 -0.0457964285714293 0.291078571428571 0.11132857142857 -0.0272678571428578 0.0435249999999993 -0.0632035714285711 -0.0450214285714279 0.0172571428571422 -0.0311964285714279 0.039289285714286 0.207324999999999 -0.0242785714285719 0.0643500000000004 0.048546428571429 -0.103264285714286 -0.0841714285714292 0.0511178571428567 -0.124453571428571 -0.0229821428571429 0.0876964285714284 -0.0870535714285722 0.00477142857142884 -0.0751964285714292 -0.0577607142857136 -0.0692035714285716 0.0320107142857136 -0.0700428571428566 0.107932142857143 -0.0422678571428576 -0.00911071428571353 -0.0466285714285721 0.103567857142858 -0.0420464285714276 -0.0627750000000009 -0.104939285714286 -0.0330642857142858 -0.0190071428571429 -0.0195178571428559 0.0667035714285712 -0.155396428571428 -0.0898678571428577 0.16630357142857 -0.0839321428571419 -0.00235714285714181 -0.0454892857142862 0.068310714285716 -0.0640249999999995 -0.110428571428572 -0.0143428571428563 -0.0956607142857151 -0.0141464285714294 -0.0809214285714278 -0.1019 0.222703571428571 0.134207142857142 0.0478142857142854 -0.0419392857142856 -0.0976500000000003 -0.0501178571428575 -0.0217928571428578 -0.111799999999999 -0.0704749999999987 -0.0210035714285714 -0.0844357142857127 7.14285714327491e-06 -0.0123785714285717 0.077149999999999 0.00374642857142883 -0.0327964285714282 -0.0169928571428572 -0.0168714285714286 -0.175810714285715 -0.0186250000000004 -0.0431821428571417 -0.0594464285714292 -0.103632142857142 -0.111900000000001 0.0547107142857138 0.203949999999999 -0.0640428571428572 -0.0854285714285717 -0.055471428571429 -0.0990785714285721 0.021014285714286 0.0215464285714283 -0.106442857142857 -0.00298928571428504 0.0735000000000001 -0.0490321428571422 0.11565 -0.0543821428571418 -0.0470321428571431 -0.0500499999999994
10 -0.0894510204081663 0.175725000000001 -0.245830612244895 -0.160124489795916 0.0743489795918377 -0.109365306122449 -0.0326122448979598 -0.0631709183673446 0.11132857142857 0.938556122448981 -0.00263724489795711 -0.0881943877551 -0.194220918367347 -0.487336224489797 0.134229591836736 -0.107077040816328 0.163157653061223 0.141705102040818 0.00539897959183825 0.0861954081632637 -0.0549346938775525 -0.247482653061223 -0.172323979591834 0.0147076530612256 -0.199228061224491 0.0712091836734694 -0.0080734693877551 -0.060422448979589 -0.00248928571428654 0.0570994897959205 -0.202317346938777 -0.282064285714284 -0.00690663265305925 -0.207453061224491 0.159968367346937 0.21274642857143 -0.034072448979594 0.0314811224489819 0.0205479591836701 -0.120862755102043 0.187535714285717 -0.181083673469388 0.0730607142857144 -0.117992857142857 -0.057247959183677 -0.166341326530612 -0.189145918367346 -0.0181882653061203 0.0462397959183708 0.0715331632653035 -0.155248469387758 -0.173062755102039 0.11341428571428 -0.197849489795919 0.0750326530612262 -0.266665306122451 0.0891454081632681 -0.0924999999999973 0.210667857142855 -0.052131632653062 0.150815816326531 -0.189843367346937 -0.45317857142857 0.203551530612244 -0.364856122448978 -0.0167872448979579 0.0211158163265326 -0.0835663265306139 -0.0538071428571463 -0.214704081632653 0.0614474489795875 -0.00850867346938902 -0.0140469387755094 0.201225000000002 -0.19648724489796 -0.194204591836735 -0.102364285714285 -0.253116326530612 -0.164467346938774 0.24597142857143 -0.013822448979595 -0.145662755102038 0.0808811224489777 -0.224513265306119 0.153516836734695 0.222081122448982 -0.128401020408163 -0.127843877551019 -0.163363265306121 0.00291581632653302 0.253123469387754 0.138905612244898 -0.315200000000001 -0.0598316326530632 -0.0364464285714289 -0.0789484693877566 0.10344132653061 0.0289663265306091 -0.0261096938775499 0.00338265306122288
11 0.0523627551020386 0.0687714285714292 0.200484438775511 -0.125531377551019 -0.0330051020408155 -0.00423188775510196 0.0250727040816321 0.138498086734695 -0.0272678571428578 -0.00263724489795711 0.561057525510204 -0.0487121173469375 -0.117434056122449 0.199196556122447 0.16531849489796 -0.137373596938777 -0.174446556122449 0.0491978316326544 -0.0904238520408152 -0.168741709183674 -0.217553826530613 0.132869770408164 -0.0967181122448963 -0.339595663265305 0.219723979591835 0.0545209183673469 0.0704576530612244 0.234470790816328 -0.0808446428571433 -0.0224427295918352 -0.0682054846938788 -0.0517616071428565 -0.261157270408162 0.0999900510204071 -0.145324234693878 -0.101482142857142 -0.0411024234693892 0.106817219387756 0.0178665816326508 -0.167328061224491 0.0520232142857162 -0.104798724489796 0.0665544642857144 -0.0279580357142856 -0.0592549744897983 0.292052295918367 -0.0326394132653059 -0.0985056122448964 -0.0353885204081608 -0.0880565051020424 0.230418367346936 -0.131561989795917 -0.198019642857146 0.102069515306121 0.265132908163266 0.0920341836734675 -0.232703316326528 0.0962366071428587 0.138683035714284 0.173496301020407 -0.0340860969387752 0.0886992346938782 0.181163392857143 0.21392193877551 -0.0551395408163256 0.0824700255102048 0.0634344387755114 0.074214795918366 -0.00586071428571661 0.0488197704081632 -0.111897576530615 -0.0323630102040824 0.203515306122449 -0.0307687499999982 -0.0534871173469392 -0.086047959183674 -0.115770535714285 -0.0524932397959181 -0.17564744897959 0.000204464285715243 0.0169752551020386 0.107446045918369 -0.0301354591836746 -0.100469897959182 0.0165806122448988 0.0589859693877568 -0.0142068877551017 -0.161329209183672 -0.127586862244897 -0.112548596938774 -0.0925558673469393 -0.0249817602040812 0.105231249999999 0.086825765306121 -0.156770535714286 -0.0164191326530623 0.109601275510202 -0.196385331632655 -0.0964913265306114 0.0761329081632641
12 0.0099091836734675 0.269792857142857 -0.0504941326530598 0.0195971938775524 -0.0205301020408157 -0.143846173469387 -0.00861301020408206 0.00512487244898089 0.0435249999999993 -0.0881943877551 -0.0487121173469375 0.670028954081633 0.0873463010204076 0.0821483418367336 0.0189167091836745 0.123146045918366 -0.0240269132653068 0.255028188775511 0.241292219387756 -0.0507256377551028 -0.0980502551020415 -0.0912248724489787 -0.169993112244896 -0.0951563775510197 -0.0530188775510214 -0.00198265306122439 -0.10920306122449 -0.1663131377551 -0.0234446428571433 -0.0804338010204067 0.0870070153061212 0.0436116071428576 -0.0961269132653049 -0.0553992346938782 -0.13820280612245 0.224807142857143 0.0710600765306108 -0.184552423469386 0.0607165816326511 -0.0696923469387771 -0.056144642857141 -0.128616581632653 0.202738392857143 0.16581875 -0.0512781887755122 -0.0920584183673467 -0.0452519132653059 -0.223769897959182 0.241586479591838 -0.156097576530613 -0.0421173469387773 0.0741272959183683 -0.138126785714289 0.0998998724489786 -0.0396992346938764 0.195084183673468 -0.0666497448979573 -0.0130758928571413 0.196488392857141 -0.0724804846938779 0.311204974489796 -0.167525765306122 -0.0444919642857139 -0.198595918367347 -0.0502181122448971 -0.0421889030612237 0.00459158163265422 0.0468362244897948 0.132939285714284 0.104839413265306 -0.184785076530614 0.0587691326530604 0.279829591836735 -0.233624107142855 0.118386096938775 -0.112201530612245 -0.0837366071428568 -0.0488414540816324 -0.102979591836734 0.0419383928571436 -0.0697497448979609 -0.132698596938774 -0.107835459183674 0.0864693877551035 -0.040701530612244 0.200582397959185 -0.0703390306122446 0.00124043367347011 0.288111352040817 0.109406760204083 0.167586989795917 0.152552168367347 -0.0597491071428578 0.11657219387755 -0.0723937500000001 -0.135936989795919 -0.0949165816326541 0.195559311224488 -0.0747198979591829 -0.0458135204081641
13 -0.190399489795917 0.280624999999999 0.216659948979591 0.0321176020408157 0.000779081632652804 0.0727201530612244 0.0147221938775512 -0.203269005102041 -0.0632035714285711 -0.194220918367347 -0.117434056122449 0.0873463010204076 0.734195280612244 -0.333804209183673 -0.0927960459183676 0.183617984693878 0.153818494897959 0.254139413265305 0.170301403061224 -0.264416454081632 0.05611556122449 -0.367091709183673 -0.0477022959183678 0.380724744897958 -0.235144897959183 0.0518382653061224 -0.0595561224489795 -0.203789668367347 0.027294642857143 -0.0681649234693881 -0.144779719387754 -0.204495535714286 -0.219792219387755 -0.149193112244897 -0.0449859693877547 0.369374999999999 -0.00640573979591786 -0.0673289540816331 -0.0859079081632644 -0.035398979591836 0.130208928571428 0.149200765306122 -0.0201330357142857 0.332911607142857 -0.0704144132653052 0.0917599489795916 -0.0754850765306122 -0.122354081632653 -0.106050255102041 -0.184996045918366 -0.151302551020407 0.129145663265305 -0.192933928571427 -0.28906900510204 -0.105843112244898 -0.133303061224489 0.125677295918366 -0.173304464285715 -0.129372321428571 -0.0010707908163263 0.341876913265306 -0.220139030612245 -0.0211276785714286 -0.298681122448979 -0.201863010204082 0.0231427295918364 -0.12689362244898 -0.0779918367346934 -0.179160714285713 -0.180998852040816 -0.123565688775509 0.00590433673469415 0.00754132653061206 0.0453223214285707 -0.296221556122448 -0.156667346938775 0.0367633928571427 -0.109955229591837 0.216233673469387 -0.0478258928571431 -0.00240484693877479 -0.126305229591837 -0.0657262755102036 0.00336734693877491 -0.178917346938776 0.215523724489795 0.103466581632653 0.0173639030612242 0.245741454081632 0.130921556122448 -0.265492091836734 0.355694515306122 -0.142438392857142 -0.265760969387754 0.0452776785714286 0.332449234693877 0.0721007653061228 0.029276658163266 0.0665780612244894 -0.0733109693877546
14 0.391056632653062 -0.733571428571428 0.0721043367346925 0.191025255102039 -0.175214795918368 0.0898227040816324 -0.022800765306122 0.218049362244896 -0.0450214285714279 -0.487336224489797 0.199196556122447 0.0821483418367336 -0.333804209183673 1.75666670918367 -0.0834021683673478 0.0459373724489805 -0.0802809948979584 -0.254512627551021 -0.0267567602040825 0.469553954081633 0.142673724489797 0.109979209183673 -0.282836989795919 -0.0855676020408167 0.501487755102041 -0.198409693877551 0.0131132653061224 0.309227168367345 -0.0631767857142851 -0.136836862244899 0.62327793367347 0.159122321428571 0.167594005102039 -0.0605783163265297 -0.212081887755101 -0.415621428571429 -0.0580317602040803 -0.161308545918368 -0.0244813775510185 0.0759596938775525 -0.471969642857144 -0.150622193877551 -0.213861607142857 -0.330884821428571 0.108412627551022 0.29969719387755 0.339715433673469 0.413979081632651 -0.0152854591836754 0.363122831632654 0.371309693877552 -0.00486352040816424 0.237258928571431 0.682692219387755 0.135085969387754 0.474024489795919 -0.224341581632654 0.428177678571427 -0.158550892857142 0.217429719387755 -0.289696556122449 0.483335459183672 0.331783035714285 0.0698668367346939 0.0646487244897952 0.0467590561224482 0.153490051020407 0.0221918367346949 0.24559642857143 0.386782780612244 0.323781760204083 -0.0770686224489788 -0.341137755102041 -0.245134821428573 0.499451913265306 0.528631632653061 0.725924107142856 0.283571301020407 -0.359555102040817 -0.276504464285715 0.0838512755102057 0.279953443877549 0.0129048469387765 0.117986224489794 0.114195918367346 -0.445484438775511 0.120522704081632 0.0458521683673461 -0.0565182397959191 -0.230851913265307 0.00694923469387804 -0.953457015306121 0.388965178571429 -0.242074744897958 -0.0667330357142854 -0.105892091836734 0.0555206632653071 0.148935841836736 -0.0360066326530618 0.11617168367347
15 -0.0315346938775528 -0.0382499999999993 0.0719038265306134 -0.101880867346937 -0.00912755102040753 0.136684948979592 0.00532831632653018 0.0227932397959196 0.0172571428571422 0.134229591836736 0.16531849489796 0.0189167091836745 -0.0927960459183676 -0.0834021683673478 0.429067729591837 -0.11295599489796 -0.148472831632653 0.237976147959185 0.0328697704081641 -0.148140943877552 0.0199864795918359 0.173110331632653 -0.0738635204081619 -0.176827295918367 0.253178061224488 -0.0421163265306121 0.130673469387755 0.0349108418367362 -0.0461946428571432 0.0318835459183685 -0.0780639030612255 0.0140008928571434 -0.0278049744897948 0.0592548469387747 0.019740561224489 -0.00333928571428477 0.0669197704081619 0.138039413265307 0.0163716836734675 -0.058297959183675 0.0974660714285729 -0.0787788265306122 -0.017086607142857 0.080511607142857 -0.167229719387757 0.0328716836734695 -0.0369335459183672 -0.0554367346938763 0.0619941326530631 -0.054410841836736 -0.119272959183675 -0.0928747448979581 -0.304016071428574 0.0518110969387747 0.0877655612244907 -0.0780775510204095 -0.099379336734692 0.0720348214285728 0.168952678571427 0.16476288265306 0.0299850765306124 -0.0393691326530605 0.00670803571428602 0.113869897959183 -0.124724234693877 -0.00829400510204008 -0.0584783163265294 0.133702040816325 -0.0774035714285732 0.12435318877551 -0.0410019132653085 0.056621173469387 0.130218367346939 -0.0226562499999985 0.107913137755101 0.0463081632653054 0.116245535714286 -0.0297827806122447 -0.0552897959183663 0.0146526785714294 -0.163807908163267 0.181188647959185 -0.0952721938775519 0.0490739795918381 -0.0188561224489788 -0.0807150510204065 0.154009948979592 -0.0020641581632646 0.0196016581632661 0.0503582908163278 0.0416211734693871 0.134307780612245 -0.0393812500000007 -0.0342451530612256 -0.0504294642857144 -0.02037474489796 0.0535533163265294 -0.0892743622448995 -0.0651260204081626 0.00501556122448888
16 0.0983229591836752 -0.169139285714286 0.108383418367345 0.199167091836733 -0.0353770408163271 -0.144710969387755 -0.097322704081632 -0.171278443877552 -0.0311964285714279 -0.107077040816328 -0.137373596938777 0.123146045918366 0.183617984693878 0.0459373724489805 -0.11295599489796 0.600257525510204 -0.0437838010204074 -0.0372674744897971 0.0423792091836725 0.166729209183674 -0.102135459183672 -0.0728108418367353 -0.124281887755103 0.376242091836734 -0.18085969387755 0.0709862244897957 -0.232779081632653 -0.133858290816328 0.0732196428571432 0.0806766581632639 0.292867984693878 0.145838392857142 0.0627983418367334 0.0385778061224497 -0.0518614795918359 -0.0197357142857152 -0.0413636479591823 -0.0555190051020421 -0.0403522959183653 0.0226602040816343 -0.228348214285716 0.281270153061224 0.129600892857142 0.116188392857143 0.0898889030612265 0.283890561224489 0.149259056122449 -0.122155102040817 0.172906377551018 0.284794005102042 -0.0967005102040796 0.0899905612244886 0.278769642857146 0.0464322704081639 -0.113686479591838 0.18796224489796 -0.0802431122448996 -0.144938392857144 -0.0228169642857131 -0.13099094387755 0.0934414540816323 0.11454719387755 0.0977633928571423 -0.201839795918367 0.503175255102039 0.0247353316326523 -0.0510272959183684 -0.113414795918366 0.0761857142857162 -0.0496358418367346 0.4762993622449 -0.0341012755102033 0.419352551020407 -0.133025892857144 -0.0444932397959178 0.0280372448979598 0.409418749999999 -0.056929974489796 -0.077602551020409 -0.0883598214285721 0.0854533163265324 -0.0188085459183686 -0.164010969387754 0.175152040816325 0.209683673469387 0.0684961734693861 -0.0595466836734696 0.0459845663265298 0.121624362244897 0.293293239795916 -0.0520369897959177 0.083351403061224 0.0562383928571436 -0.133415051020407 0.17391875 -0.0806844387755091 -0.0398262755102028 0.189683545918369 0.0875770408163258 -0.113900765306121
17 -0.00503520408163148 0.124296428571428 -0.00362933673469471 -0.031560969387756 -0.0699673469387758 -0.0620191326530612 -0.0398920918367343 -0.0537386479591844 0.039289285714286 0.163157653061223 -0.174446556122449 -0.0240269132653068 0.153818494897959 -0.0802809948979584 -0.148472831632653 -0.0437838010204074 1.27923099489796 0.177948341836734 -0.102586096938776 0.205292474489796 0.274851275510204 -0.0475077806122453 -0.128777295918368 0.562706887755101 -0.164430612244897 0.382381122448979 0.263111734693877 -0.124805739795919 0.105005357142857 -0.137584566326531 0.0837434948979598 -0.0616044642857145 -0.317683290816327 -0.251996683673468 -0.136046683673469 0.573807142857141 0.00331747448979673 -0.053012882653062 0.0580885204081644 0.181197448979593 0.00459821428571318 0.230072193877551 0.110179464285714 0.0345883928571428 0.272980229591838 -0.516432908163265 -0.193311862244898 -0.249004081632653 -0.18129668367347 0.204237882653062 0.0680438775510215 -0.12281862244898 0.0897875000000018 0.134622066326531 0.0146033163265299 0.124371938775511 -0.0459405612244909 0.0117616071428561 -0.217974107142856 0.016652423469388 -0.294824872448979 -0.0705033163265309 0.0320241071428569 0.0675938775510203 -0.146955867346939 0.00885522959183625 0.0725706632653053 -0.108752551020407 0.0936928571428583 -0.131186352040816 -0.26423176020408 -0.0102742346938771 -0.272008673469388 -0.0164008928571438 -0.210673341836734 0.13077193877551 0.0436508928571427 0.097582270408163 0.01206581632653 0.223565178571428 0.0884380102040827 -0.115814158163266 -0.0380334183673462 -0.242861224489796 -0.168870918367347 -0.00700841836734796 0.378809438775509 0.137858545918367 -0.0160067602040821 -0.113990943877552 0.295236479591837 -0.605242984693877 0.152670535714286 -0.0714181122448971 -0.00323124999999983 0.341077806122449 -0.0710742346938767 0.0700427295918377 0.0914530612244892 -0.0852073979591829
18 -0.130452040816329 0.367178571428572 0.220144132653062 -0.0967543367346921 0.0224586734693885 0.153385459183673 -0.0616512755102045 -0.191724872448978 0.207324999999999 0.141705102040818 0.0491978316326544 0.255028188775511 0.254139413265305 -0.254512627551021 0.237976147959185 -0.0372674744897971 0.177948341836734 0.912243239795918 0.108611352040817 -0.288495790816327 -0.059581887755103 -0.167675127551019 -0.202378316326529 0.422545663265306 -0.068516836734695 -0.0193709183673468 0.212660204081632 -0.142501147959182 0.0159124999999994 -0.0167161989795903 -0.243692729591838 0.0101955357142864 -0.0181695153061211 -0.106379336734695 0.157113520408162 0.205828571428572 0.0120077806122433 0.149302423469389 0.0544512755102017 -0.127461224489798 -0.00983749999999791 -0.126058418367347 -0.0930312499999996 0.204527678571428 -0.0860146683673493 -0.182820153061224 -0.0936052295918364 -0.229126530612243 0.350674234693879 -0.483123852040817 -0.157396938775512 -0.0196237244897947 -0.173305357142861 -0.34687487244898 0.0311706632653073 -0.196102040816328 -0.0976252551020386 -0.206070535714284 0.345004464285712 0.0983697704081626 0.380655739795918 -0.175952806122448 0.0410169642857146 -0.108443367346939 -0.438124744897958 -0.0539539540816317 -0.123823724489794 -0.0309897959183685 0.0283999999999975 -0.164246556122449 -0.185586352040819 0.031423724489795 0.07235612244898 0.0321241071428589 -0.0761932397959188 -0.319641326530612 0.256575892857143 -0.214387117346938 -0.152056122448978 -0.0365741071428561 -0.1134681122449 -0.0116335459183658 -0.181328826530613 -0.0392336734693859 -0.0345698979591826 0.0910283163265324 0.293167602040816 -0.119447576530611 0.110124362244899 0.162946811224491 -0.194826275510204 0.231476403061224 -0.258990178571429 -0.264032908163266 -0.0162169642857146 0.235404846938774 -0.0178012755102055 -0.0909093112244918 -0.0434836734693869 -0.0631079081632663
19 -0.211651020408164 0.0681821428571433 -0.171396683673468 -0.0279762755102029 0.0139882653061229 -0.0491885204081631 0.0267288265306118 -0.0377521683673458 -0.0242785714285719 0.00539897959183825 -0.0904238520408152 0.241292219387756 0.170301403061224 -0.0267567602040825 0.0328697704081641 0.0423792091836725 -0.102586096938776 0.108611352040817 0.444982015306122 0.045442729591836 -0.17306862244898 -0.178940688775509 -0.0864043367346927 5.86734693925576e-06 -0.0510352040816334 -0.163408673469387 -0.0590948979591836 -0.20486619897959 -0.0184982142857147 -0.106503188775509 0.166972831632652 -0.0598562499999995 0.00463890306122543 -0.0464227040816332 -0.0471798469387761 0.108603571428572 0.121817729591835 -0.122444770408162 -0.0402323979591852 -0.0431520408163278 -0.0215696428571414 -0.0309926020408164 0.147502678571428 0.213647321428571 -0.117643494897961 -0.157964540816326 0.200417474489796 0.144868877551021 -0.0770477040816308 -0.183548086734695 -0.140748469387756 0.138646173469388 -0.0448303571428597 -0.174191454081633 -0.0192691326530603 -0.0659974489795929 -0.0136349489795904 -0.0428437499999987 -0.0799008928571436 -0.0865825255102043 0.292477423469387 -0.242609438775509 -0.0860312499999996 -0.0995020408163264 -0.170854336734693 -0.0398827806122442 0.230392602040817 0.0350086734693868 -0.12469642857143 0.0316343112244897 -0.0132248724489816 0.103514540816326 0.107020918367347 -0.178645535714284 -0.134543494897959 -0.135497448979592 0.0770848214285714 -0.0764547193877548 0.039621938775511 0.075334821428572 -0.106056377551022 -0.0480011479591826 -0.0992099489795925 0.053572448979593 -0.0147760204081626 0.0518293367346951 -0.0134599489795916 0.080269515306123 0.343446556122449 0.0373363520408174 -0.0382640306122453 0.325415433673469 -0.0688955357142862 -0.0809012755102049 0.0270133928571426 -0.0472573979591844 0.0886431122448968 -0.0430917091836749 -0.0385204081632647 -0.0401798469387762
20 0.0896846938775523 -0.523875 -0.219060969387756 -0.0593727040816337 -0.0960474489795922 -0.101177806122449 0.018107397959184 0.127537117346937 0.0643500000000004 0.0861954081632637 -0.168741709183674 -0.0507256377551028 -0.264416454081632 0.469553954081633 -0.148140943877552 0.166729209183674 0.205292474489796 -0.288495790816327 0.045442729591836 1.07338915816326 -0.0255471938775503 -0.0912049744897964 -0.133772193877552 0.138166581632652 0.0796826530612251 -0.340958673469387 -0.0539198979591836 -0.167369770408164 0.0344482142857146 -0.12294961734694 0.407169260204082 0.0634687499999995 0.491271045918366 0.0623594387755108 -0.0710441326530605 -0.145814285714286 0.0392177295918377 -0.198691198979593 -0.141614540816325 0.116397959183675 -0.234119642857144 -0.0936318877551019 -0.126508035714286 -0.0885133928571428 0.170492219387756 -0.171464540816326 0.105785331632653 0.371858163265305 -0.20138698979592 0.500059056122449 -0.0957698979591821 -0.0157109693877559 0.462851785714287 0.25356568877551 0.0713201530612235 0.0450846938775521 -0.195363520408164 -0.0218508928571441 -0.184158035714285 -0.0515575255102036 -0.0096761479591838 0.286433418367346 0.263929464285714 -0.0351163265306122 0.249784948979591 0.0706565051020401 0.217421173469386 -0.15943775510204 0.0573000000000015 -0.0507871173469387 0.177007270408165 0.0160466836734699 -0.0527362244897962 0.0830044642857129 -0.0135792091836731 0.0383989795918371 0.166920535714285 -0.107386862244898 0.204364795918366 0.0139348214285707 0.0230793367346953 -0.106058290816327 0.0350507653061232 0.158529591836733 0.175552551020407 -0.136363520408164 -0.0312242346938777 0.152526658163264 -0.00221058673469453 -0.147513647959185 -0.018985459183673 -0.353073852040816 0.216286607142857 -0.0221941326530603 0.293216964285714 -0.188043112244897 0.089603826530613 -0.0426988520408149 0.0415688775510199 -0.000522704081631906
21 0.369429591836736 -0.0452642857142862 0.353298469387753 0.145603061224488 -0.0718204081632657 0.258783163265306 0.0527408163265309 0.431390561224488 0.048546428571429 -0.0549346938775525 -0.217553826530613 -0.0980502551020415 0.05611556122449 0.142673724489797 0.0199864795918359 -0.102135459183672 0.274851275510204 -0.059581887755103 -0.17306862244898 -0.0255471938775503 1.12578826530612 0.135863010204081 -0.0937438775510214 0.157424489795918 0.270085204081633 -0.0410698979591836 0.210141326530612 0.162638520408162 -0.017003571428571 0.13643801020408 -0.0495701530612235 0.0543874999999995 -0.045966581632654 -0.158468367346938 0.0885637755102046 0.31982857142857 -0.0291829081632642 0.0333170918367335 -0.0178443877551004 0.074169897959185 0.197167857142855 -0.00710918367346932 0.177619642857142 -0.0796946428571428 0.0491568877551037 -0.112437244897959 0.0241905612244896 -0.0494045918367356 -0.210432653061226 0.170922193877552 -0.0924765306122432 0.0801948979591826 -0.0713821428571401 0.402119132653061 -0.148493367346939 0.125208163265307 0.377815306122447 -0.0116482142857155 -0.21254107142857 0.258197704081633 -0.132810459183673 0.172164795918367 0.0361803571428568 0.293441326530612 -0.209040306122449 0.0228604591836728 -0.282744387755103 0.0999627551020415 -0.0884285714285696 0.171520153061224 -0.257342091836732 -0.0484877551020401 -0.506624489795918 0.0210910714285701 0.44750331632653 0.265572448979592 0.341916071428571 0.171632397959183 0.253542346938774 0.0826374999999992 -0.0345275510204065 0.126146683673468 0.0880224489795926 0.446388265306121 0.117940306122448 0.329483163265304 0.330272448979591 0.0933349489795911 -0.0100599489795925 0.229418112244896 0.42784081632653 -0.322768112244898 0.237973214285715 -0.282064795918366 -0.125794642857142 0.133812755102041 -0.0434127551020397 0.205146173469389 0.0152489795918362 -0.0299505102040808
